000  000  000  000  000  000  000  000  000  000  000  000  000  000  000  000  000  000  000  000  000  000  000  000  000  000  000  000  000  000  191  000  069  000  000  000  000  335  000  000  000  000  000  000  000  192  000  000  000  000  207  000  000  000  000  000  000  000  000  000  000  000  000  000  000  000  000  000  000  000  000  000  000  000  000  000  000  000  000  087  000  
000  000  000  000  000  000  000  000  000  000  000  000  000  000  000  000  000  000  000  000  207  000  000  000  000  000  150  000  000  000  000  000  000  000  000  000  000  000  000  000  000  000  000  187  000  163  000  000  000  000  000  000  000  000  000  000  000  000  000  000  000  000  112  000  000  000  000  000  000  000  000  000  000  000  000  000  000  000  000  000  000  
000  000  000  000  000  000  000  000  000  000  000  000  000  000  169  000  000  000  000  222  000  000  000  000  000  144  000  000  000  000  000  168  000  000  000  000  000  000  000  000  000  223  100  000  000  000  000  000  000  000  000  000  000  000  000  000  000  000  000  000  000  000  000  115  000  000  000  000  000  000  000  000  000  000  000  000  000  000  000  000  000  
000  000  000  000  000  000  000  000  000  000  000  000  234  000  000  000  000  000  000  000  000  000  000  000  183  000  000  000  000  000  000  000  000  000  000  214  000  000  000  000  000  000  000  000  000  000  000  000  245  000  000  000  000  000  000  000  000  000  000  000  000  000  000  000  228  000  000  000  000  000  000  000  000  000  000  143  000  000  000  000  000  
000  000  000  000  000  000  000  000  000  000  000  000  000  000  000  000  000  000  092  000  000  000  000  000  000  000  000  000  000  000  000  000  000  000  000  000  000  000  000  000  000  000  000  000  000  000  000  000  000  000  000  000  000  000  131  000  000  000  000  114  000  000  000  000  000  200  000  000  000  000  000  000  000  000  000  000  000  000  000  000  000  
000  000  000  000  000  000  000  000  000  000  000  000  000  191  000  000  000  130  000  000  000  000  000  000  000  233  000  000  000  000  000  000  000  000  000  000  000  000  000  184  000  258  000  000  000  000  000  000  000  000  000  000  000  000  000  000  000  000  000  000  000  000  000  000  000  000  000  225  000  000  075  000  000  000  000  000  000  000  000  000  000  
000  000  000  000  000  000  000  000  000  000  000  000  000  000  122  000  000  000  000  000  000  000  000  000  000  000  000  000  000  000  000  130  466  000  000  000  000  000  000  000  000  322  000  000  000  000  000  311  000  000  000  000  000  000  000  000  000  000  000  000  000  000  000  000  000  000  000  000  000  374  000  000  000  000  000  000  000  000  000  000  000  
000  000  000  000  000  000  000  000  000  000  000  000  000  000  000  000  000  000  000  000  000  000  000  000  226  000  000  000  000  000  000  000  000  000  000  000  000  000  000  000  000  000  000  000  000  000  000  000  000  000  000  000  161  000  000  000  000  000  000  000  000  000  000  000  000  000  000  000  000  000  000  000  000  000  116  000  000  000  000  000  000  
000  000  000  000  000  000  000  000  000  000  000  000  000  000  000  000  000  000  000  126  000  000  000  000  000  000  000  000  000  000  000  000  000  000  126  000  000  000  000  000  000  000  000  000  155  000  000  099  000  000  000  000  000  000  000  000  000  000  000  000  000  000  000  000  000  000  000  000  000  000  000  000  000  000  000  000  000  000  000  000  000  
000  000  000  000  000  000  000  000  000  000  000  000  000  000  000  151  198  000  000  000  000  000  000  000  000  000  000  000  000  000  000  000  000  000  176  000  000  000  000  000  000  000  228  000  141  000  000  000  000  000  000  000  000  000  000  000  000  000  000  000  000  000  000  000  000  000  000  000  000  000  000  000  000  000  000  000  000  000  000  000  000  
000  000  000  000  000  000  000  000  000  000  000  000  000  213  000  094  000  000  000  000  000  000  000  000  000  083  000  000  000  000  000  000  000  000  000  000  000  000  000  000  000  000  112  000  000  000  000  000  000  000  000  000  000  099  000  000  000  000  000  000  000  000  000  000  000  000  000  000  000  000  000  000  000  000  000  000  000  000  000  000  000  
000  000  000  000  000  000  000  000  000  000  000  000  000  000  000  000  000  000  000  000  141  000  144  275  177  000  000  000  000  000  000  000  000  000  000  000  000  000  000  000  000  000  000  000  000  000  000  000  111  000  000  000  000  000  000  000  000  000  000  000  000  144  000  000  000  000  000  000  000  000  000  000  000  000  000  000  000  000  000  000  000  
000  000  000  234  000  000  000  000  000  000  000  000  000  000  000  000  000  000  000  000  000  000  000  000  000  000  000  000  000  000  000  000  000  000  000  000  000  000  000  000  000  000  000  000  000  000  000  000  083  000  000  000  000  000  000  096  000  000  000  000  000  000  000  000  161  000  000  000  000  000  000  135  000  000  000  000  000  000  000  000  000  
000  000  000  000  000  191  000  000  000  000  213  000  000  000  000  000  000  233  000  000  000  000  000  000  000  291  000  000  000  000  000  000  000  000  000  000  000  000  000  000  000  000  000  000  000  000  000  000  000  000  000  000  000  114  000  000  000  000  000  000  000  000  000  000  000  000  157  000  000  000  000  000  000  000  000  000  000  134  000  000  045  
000  000  169  000  000  000  122  000  000  000  000  000  000  000  000  000  000  000  000  150  000  000  000  000  000  000  000  000  000  000  000  051  000  000  000  000  000  000  000  000  000  000  000  000  000  000  000  241  000  000  000  000  000  000  000  000  000  000  000  000  000  000  000  000  000  000  000  000  000  000  000  000  000  000  000  000  000  000  000  000  000  
000  000  000  000  000  000  000  000  000  151  094  000  000  000  000  000  000  000  000  000  000  000  000  000  000  000  000  000  000  000  000  000  000  000  000  000  000  000  000  000  132  000  177  000  000  000  000  000  000  000  000  000  000  157  000  000  000  000  000  000  000  000  000  000  000  000  000  000  000  000  000  000  000  000  000  000  069  000  000  000  000  
000  000  000  000  000  000  000  000  000  198  000  000  000  000  000  000  000  000  000  000  000  216  000  000  000  000  000  000  000  000  000  000  000  000  000  000  000  000  000  000  000  000  000  000  000  000  000  000  000  000  000  000  000  000  000  000  000  000  187  000  000  000  000  000  000  000  000  000  000  000  000  000  000  000  000  000  000  000  000  000  000  
000  000  000  000  000  130  000  000  000  000  000  000  000  233  000  000  000  000  156  000  000  000  000  000  000  000  000  000  000  000  000  000  000  000  000  000  106  000  000  000  000  000  000  000  000  000  000  000  000  000  000  000  000  000  000  000  000  000  000  000  000  000  000  000  000  000  000  000  000  000  104  000  000  000  000  000  000  193  000  000  000  
000  000  000  000  092  000  000  000  000  000  000  000  000  000  000  000  000  156  000  000  000  000  000  000  000  000  000  000  000  000  000  000  000  000  000  000  197  000  000  000  000  000  000  000  000  000  000  000  000  000  000  000  000  000  172  000  266  000  000  000  000  000  000  000  000  108  000  000  000  000  166  000  000  000  000  000  000  000  000  000  000  
000  000  222  000  000  000  000  000  126  000  000  000  000  000  150  000  000  000  000  000  000  000  000  000  000  000  000  000  000  000  000  000  000  000  000  000  000  000  000  000  000  000  000  000  208  000  000  145  000  000  000  000  000  000  000  000  000  000  000  000  000  000  000  150  000  000  000  000  000  000  000  000  000  000  000  000  000  000  000  000  000  
000  207  000  000  000  000  000  000  000  000  000  141  000  000  000  000  000  000  000  000  000  000  153  000  000  000  000  000  000  000  000  000  000  000  000  000  000  000  000  000  000  000  000  249  000  000  096  000  252  000  000  000  000  000  000  000  000  000  000  000  000  000  176  000  000  000  000  000  000  000  000  100  000  000  000  000  000  000  000  000  000  
000  000  000  000  000  000  000  000  000  000  000  000  000  000  000  000  216  000  000  000  000  000  000  000  000  000  000  000  000  000  000  000  000  000  000  000  000  000  062  000  000  000  000  000  000  000  000  000  000  000  000  000  000  000  000  000  000  000  140  000  000  000  000  000  000  000  000  000  000  000  000  000  000  000  000  000  000  000  000  000  000  
000  000  000  000  000  000  000  000  000  000  000  144  000  000  000  000  000  000  000  000  153  000  000  267  000  000  000  000  000  000  000  000  000  000  000  000  000  000  000  000  000  000  000  098  000  000  000  000  000  000  000  000  000  000  000  000  000  000  000  000  000  136  000  000  000  000  000  000  000  000  000  000  000  000  000  000  000  000  000  000  000  
000  000  000  000  000  000  000  000  000  000  000  275  000  000  000  000  000  000  000  000  000  000  267  000  190  000  000  295  133  000  000  000  000  000  000  000  000  000  000  000  000  000  000  363  000  000  000  000  000  000  000  000  000  000  000  000  000  248  000  000  000  131  000  000  000  000  000  000  155  000  000  000  000  000  000  000  000  000  000  000  000  
000  000  000  183  000  000  000  226  000  000  000  177  000  000  000  000  000  000  000  000  000  000  000  190  000  000  000  000  000  000  000  000  000  000  000  203  000  000  000  000  000  000  000  000  000  000  000  000  266  000  000  000  259  000  000  000  000  000  000  000  000  000  000  000  000  000  000  000  125  000  000  000  000  000  233  000  000  000  000  000  000  
000  000  144  000  000  233  000  000  000  000  083  000  000  291  000  000  000  000  000  000  000  000  000  000  000  000  000  000  000  000  000  000  000  000  000  000  000  000  000  000  000  338  078  000  000  000  000  000  000  000  000  000  000  000  000  000  000  000  000  000  000  000  000  000  000  000  000  000  000  000  000  000  000  000  000  000  000  000  000  000  000  
000  150  000  000  000  000  000  000  000  000  000  000  000  000  000  000  000  000  000  000  000  000  000  000  000  000  000  000  000  000  193  000  000  000  000  000  000  000  000  000  000  000  000  000  000  076  000  000  000  000  000  000  000  000  000  000  000  000  000  000  000  000  137  000  000  000  000  000  000  000  000  000  000  000  000  000  000  000  064  125  000  
000  000  000  000  000  000  000  000  000  000  000  000  000  000  000  000  000  000  000  000  000  000  000  295  000  000  000  000  162  000  000  000  000  000  000  000  000  000  000  000  000  000  000  000  000  000  000  000  000  000  000  044  000  000  000  000  000  298  000  000  136  000  000  000  000  000  000  000  000  000  000  000  000  000  000  000  000  000  000  000  000  
000  000  000  000  000  000  000  000  000  000  000  000  000  000  000  000  000  000  000  000  000  000  000  133  000  000  000  162  000  000  000  000  000  000  000  000  000  000  000  000  000  000  000  000  000  000  000  000  000  000  000  000  000  000  000  000  000  000  000  000  100  000  000  000  000  000  000  000  078  000  000  000  000  000  000  000  000  000  000  000  000  
000  000  000  000  000  000  000  000  000  000  000  000  000  000  000  000  000  000  000  000  000  000  000  000  000  000  000  000  000  000  000  000  000  000  000  000  000  000  000  000  000  000  000  000  000  000  000  000  000  000  000  000  000  000  000  000  000  000  000  000  000  000  000  000  197  000  000  000  000  000  000  000  189  000  000  000  000  000  000  000  000  
191  000  000  000  000  000  000  000  000  000  000  000  000  000  000  000  000  000  000  000  000  000  000  000  000  000  193  000  000  000  000  000  000  000  000  000  000  000  000  000  000  000  000  000  000  000  000  000  000  000  000  000  000  000  000  000  000  000  000  000  000  000  000  000  000  000  000  000  000  000  000  000  000  000  000  000  000  000  000  129  000  
000  000  168  000  000  000  130  000  000  000  000  000  000  000  051  000  000  000  000  000  000  000  000  000  000  000  000  000  000  000  000  000  000  000  000  000  000  000  000  000  000  263  000  000  000  000  000  000  000  000  000  000  000  000  000  000  000  000  000  000  000  000  000  000  000  000  000  000  000  000  000  000  000  000  000  000  000  000  000  000  000  
069  000  000  000  000  000  466  000  000  000  000  000  000  000  000  000  000  000  000  000  000  000  000  000  000  000  000  000  000  000  000  000  000  000  000  000  000  000  000  000  000  348  000  000  000  000  000  000  000  000  200  000  000  000  000  000  000  000  000  000  000  000  000  000  000  000  000  000  000  235  000  000  000  000  000  000  000  000  000  000  000  
000  000  000  000  000  000  000  000  000  000  000  000  000  000  000  000  000  000  000  000  000  000  000  000  000  000  000  000  000  000  000  000  000  000  000  000  000  000  000  000  111  000  000  000  000  000  000  000  000  000  000  000  000  000  000  000  000  000  131  000  000  000  000  000  000  000  000  000  000  000  000  000  000  000  000  000  000  000  000  000  000  
000  000  000  000  000  000  000  000  126  176  000  000  000  000  000  000  000  000  000  000  000  000  000  000  000  000  000  000  000  000  000  000  000  000  000  000  000  000  000  000  000  000  000  000  035  000  000  000  000  000  000  000  000  000  000  000  000  000  000  000  000  000  000  000  000  000  000  000  000  000  000  000  000  000  000  000  000  000  000  000  000  
000  000  000  214  000  000  000  000  000  000  000  000  000  000  000  000  000  000  000  000  000  000  000  000  203  000  000  000  000  000  000  000  000  000  000  000  000  000  000  000  000  000  000  000  000  000  000  000  000  000  000  000  000  000  000  000  000  000  000  000  000  000  000  000  000  000  000  000  000  000  000  000  000  000  094  140  000  000  000  000  000  
000  000  000  000  000  000  000  000  000  000  000  000  000  000  000  000  000  106  197  000  000  000  000  000  000  000  000  000  000  000  000  000  000  000  000  000  000  000  000  000  000  000  000  000  000  000  000  000  000  000  000  000  000  000  000  000  183  000  000  000  000  000  000  000  000  000  000  000  000  000  000  000  000  183  000  000  000  114  000  000  000  
335  000  000  000  000  000  000  000  000  000  000  000  000  000  000  000  000  000  000  000  000  000  000  000  000  000  000  000  000  000  000  000  000  000  000  000  000  000  000  000  000  000  000  000  000  261  000  000  000  081  128  000  000  000  000  000  000  194  000  000  000  000  000  000  000  197  000  000  000  000  000  000  000  000  000  000  000  000  000  000  000  
000  000  000  000  000  000  000  000  000  000  000  000  000  000  000  000  000  000  000  000  000  062  000  000  000  000  000  000  000  000  000  000  000  000  000  000  000  000  000  000  000  000  000  000  000  000  000  000  000  000  000  000  000  000  000  000  000  000  121  000  000  000  000  000  000  000  000  000  000  000  000  000  000  000  000  000  000  000  000  000  000  
000  000  000  000  000  184  000  000  000  000  000  000  000  000  000  000  000  000  000  000  000  000  000  000  000  000  000  000  000  000  000  000  000  000  000  000  000  000  000  000  000  000  000  000  000  000  000  000  000  091  000  000  000  000  000  000  000  000  000  000  000  000  000  000  000  112  000  110  000  000  113  000  000  000  000  000  000  000  000  000  000  
000  000  000  000  000  000  000  000  000  000  000  000  000  000  000  132  000  000  000  000  000  000  000  000  000  000  000  000  000  000  000  000  000  111  000  000  000  000  000  000  000  000  000  000  000  000  000  000  000  000  000  000  000  037  000  000  000  000  000  000  000  000  000  000  000  000  000  000  000  000  000  000  000  000  000  000  065  000  000  000  000  
000  000  223  000  000  258  322  000  000  000  000  000  000  000  000  000  000  000  000  000  000  000  000  000  000  338  000  000  000  000  000  263  348  000  000  000  000  000  000  000  000  000  000  000  000  000  000  000  000  000  242  000  000  000  000  000  000  000  000  000  000  000  000  000  000  000  000  148  000  119  000  000  000  000  000  000  000  000  000  000  000  
000  000  100  000  000  000  000  000  000  228  112  000  000  000  000  177  000  000  000  000  000  000  000  000  000  078  000  000  000  000  000  000  000  000  000  000  000  000  000  000  000  000  000  000  316  000  000  000  000  000  000  000  000  000  000  000  000  000  000  000  000  000  000  139  000  000  000  000  000  000  000  000  000  000  000  000  000  000  000  000  000  
000  187  000  000  000  000  000  000  000  000  000  000  000  000  000  000  000  000  000  000  249  000  098  363  000  000  000  000  000  000  000  000  000  000  000  000  000  000  000  000  000  000  000  000  000  224  000  000  000  000  000  000  000  000  000  000  000  243  000  000  000  000  000  000  000  000  000  000  000  000  000  000  000  000  000  000  000  000  000  000  000  
000  000  000  000  000  000  000  000  155  141  000  000  000  000  000  000  000  000  000  208  000  000  000  000  000  000  000  000  000  000  000  000  000  000  035  000  000  000  000  000  000  000  316  000  000  000  000  000  000  000  000  000  000  000  000  000  000  000  000  000  000  000  000  195  000  000  000  000  000  000  000  000  000  000  000  000  000  000  000  000  000  
192  163  000  000  000  000  000  000  000  000  000  000  000  000  000  000  000  000  000  000  000  000  000  000  000  000  076  000  000  000  000  000  000  000  000  000  000  261  000  000  000  000  000  224  000  000  000  000  000  000  000  000  000  000  000  000  000  327  000  000  000  000  000  000  000  000  000  000  000  000  000  000  000  000  000  000  000  000  000  105  000  
000  000  000  000  000  000  000  000  000  000  000  000  000  000  000  000  000  000  000  000  096  000  000  000  000  000  000  000  000  000  000  000  000  000  000  000  000  000  000  000  000  000  000  000  000  000  000  000  000  000  000  000  000  000  000  227  000  000  000  000  000  000  188  000  000  000  000  000  000  000  000  150  197  000  000  000  000  000  000  000  000  
000  000  000  000  000  000  311  000  099  000  000  000  000  000  241  000  000  000  000  145  000  000  000  000  000  000  000  000  000  000  000  000  000  000  000  000  000  000  000  000  000  000  000  000  000  000  000  000  000  000  000  000  000  000  000  000  000  000  000  000  000  000  000  000  000  000  000  000  000  000  000  000  000  000  000  000  000  000  000  000  000  
000  000  000  245  000  000  000  000  000  000  000  111  083  000  000  000  000  000  000  000  252  000  000  000  266  000  000  000  000  000  000  000  000  000  000  000  000  000  000  000  000  000  000  000  000  000  000  000  000  000  000  000  000  000  000  000  000  000  000  000  000  000  000  000  000  000  000  000  000  000  000  218  000  000  000  000  000  000  000  000  000  
000  000  000  000  000  000  000  000  000  000  000  000  000  000  000  000  000  000  000  000  000  000  000  000  000  000  000  000  000  000  000  000  000  000  000  000  000  081  000  091  000  000  000  000  000  000  000  000  000  000  082  000  000  000  000  000  000  000  000  000  000  000  000  000  000  203  000  075  000  000  000  000  000  000  000  000  000  000  000  000  000  
207  000  000  000  000  000  000  000  000  000  000  000  000  000  000  000  000  000  000  000  000  000  000  000  000  000  000  000  000  000  000  000  200  000  000  000  000  128  000  000  000  242  000  000  000  000  000  000  000  082  000  000  000  000  000  000  000  000  000  000  000  000  000  000  000  000  000  122  000  000  000  000  000  000  000  000  000  000  000  000  000  
000  000  000  000  000  000  000  000  000  000  000  000  000  000  000  000  000  000  000  000  000  000  000  000  000  000  000  044  000  000  000  000  000  000  000  000  000  000  000  000  000  000  000  000  000  000  000  000  000  000  000  000  000  000  150  000  000  314  000  216  000  000  000  000  000  000  000  000  000  000  000  000  000  000  000  000  000  000  000  000  000  
000  000  000  000  000  000  000  161  000  000  000  000  000  000  000  000  000  000  000  000  000  000  000  000  259  000  000  000  000  000  000  000  000  000  000  000  000  000  000  000  000  000  000  000  000  000  000  000  000  000  000  000  000  000  000  000  000  000  000  000  075  000  000  000  000  000  000  000  253  000  000  000  000  000  000  000  000  000  000  000  000  
000  000  000  000  000  000  000  000  000  000  099  000  000  114  000  157  000  000  000  000  000  000  000  000  000  000  000  000  000  000  000  000  000  000  000  000  000  000  000  000  037  000  000  000  000  000  000  000  000  000  000  000  000  000  000  000  000  000  000  000  000  000  000  000  000  000  000  000  000  000  000  000  000  000  000  000  000  000  000  000  069  
000  000  000  000  131  000  000  000  000  000  000  000  000  000  000  000  000  000  172  000  000  000  000  000  000  000  000  000  000  000  000  000  000  000  000  000  000  000  000  000  000  000  000  000  000  000  000  000  000  000  000  150  000  000  000  000  155  000  000  229  000  000  000  000  000  000  000  000  000  000  000  000  000  000  000  000  000  000  000  000  000  
000  000  000  000  000  000  000  000  000  000  000  000  096  000  000  000  000  000  000  000  000  000  000  000  000  000  000  000  000  000  000  000  000  000  000  000  000  000  000  000  000  000  000  000  000  000  227  000  000  000  000  000  000  000  000  000  000  000  000  000  000  000  000  000  257  000  000  000  000  000  000  086  100  000  000  000  000  000  000  000  000  
000  000  000  000  000  000  000  000  000  000  000  000  000  000  000  000  000  000  266  000  000  000  000  000  000  000  000  000  000  000  000  000  000  000  000  000  183  000  000  000  000  000  000  000  000  000  000  000  000  000  000  000  000  000  155  000  000  000  000  000  000  000  000  000  000  000  000  000  000  000  000  000  000  000  000  000  000  000  000  000  000  
000  000  000  000  000  000  000  000  000  000  000  000  000  000  000  000  000  000  000  000  000  000  000  248  000  000  000  298  000  000  000  000  000  000  000  000  000  194  000  000  000  000  000  243  000  327  000  000  000  000  000  314  000  000  000  000  000  000  000  108  000  000  000  000  000  224  000  000  000  000  000  000  000  000  000  000  000  000  000  000  000  
000  000  000  000  000  000  000  000  000  000  000  000  000  000  000  000  187  000  000  000  000  140  000  000  000  000  000  000  000  000  000  000  000  131  000  000  000  000  121  000  000  000  000  000  000  000  000  000  000  000  000  000  000  000  000  000  000  000  000  000  000  000  000  000  000  000  000  000  000  000  000  000  000  000  000  000  000  000  000  000  000  
000  000  000  000  114  000  000  000  000  000  000  000  000  000  000  000  000  000  000  000  000  000  000  000  000  000  000  000  000  000  000  000  000  000  000  000  000  000  000  000  000  000  000  000  000  000  000  000  000  000  000  216  000  000  229  000  000  108  000  000  000  000  000  000  000  205  000  000  000  000  000  000  000  000  000  000  000  000  000  000  000  
000  000  000  000  000  000  000  000  000  000  000  000  000  000  000  000  000  000  000  000  000  000  000  000  000  000  000  136  100  000  000  000  000  000  000  000  000  000  000  000  000  000  000  000  000  000  000  000  000  000  000  000  075  000  000  000  000  000  000  000  000  000  000  000  000  000  000  000  178  000  000  000  000  000  000  000  000  000  000  000  000  
000  000  000  000  000  000  000  000  000  000  000  144  000  000  000  000  000  000  000  000  000  000  136  131  000  000  000  000  000  000  000  000  000  000  000  000  000  000  000  000  000  000  000  000  000  000  000  000  000  000  000  000  000  000  000  000  000  000  000  000  000  000  000  000  000  000  000  000  000  000  000  000  000  000  000  000  000  000  000  000  000  
000  112  000  000  000  000  000  000  000  000  000  000  000  000  000  000  000  000  000  000  176  000  000  000  000  000  137  000  000  000  000  000  000  000  000  000  000  000  000  000  000  000  000  000  000  000  188  000  000  000  000  000  000  000  000  000  000  000  000  000  000  000  000  000  000  000  000  000  000  000  000  000  000  000  000  000  000  000  000  000  000  
000  000  115  000  000  000  000  000  000  000  000  000  000  000  000  000  000  000  000  150  000  000  000  000  000  000  000  000  000  000  000  000  000  000  000  000  000  000  000  000  000  000  139  000  195  000  000  000  000  000  000  000  000  000  000  000  000  000  000  000  000  000  000  000  000  000  000  000  000  000  000  000  000  000  000  000  000  000  000  000  000  
000  000  000  228  000  000  000  000  000  000  000  000  161  000  000  000  000  000  000  000  000  000  000  000  000  000  000  000  000  197  000  000  000  000  000  000  000  000  000  000  000  000  000  000  000  000  000  000  000  000  000  000  000  000  000  257  000  000  000  000  000  000  000  000  000  000  000  000  000  000  000  000  357  000  000  000  000  000  000  000  000  
000  000  000  000  200  000  000  000  000  000  000  000  000  000  000  000  000  000  108  000  000  000  000  000  000  000  000  000  000  000  000  000  000  000  000  000  000  197  000  112  000  000  000  000  000  000  000  000  000  203  000  000  000  000  000  000  000  224  000  205  000  000  000  000  000  000  000  000  000  000  140  000  000  000  000  000  000  000  000  000  000  
000  000  000  000  000  000  000  000  000  000  000  000  000  157  000  000  000  000  000  000  000  000  000  000  000  000  000  000  000  000  000  000  000  000  000  000  000  000  000  000  000  000  000  000  000  000  000  000  000  000  000  000  000  000  000  000  000  000  000  000  000  000  000  000  000  000  000  000  000  000  000  000  000  087  000  000  000  100  000  000  113  
000  000  000  000  000  225  000  000  000  000  000  000  000  000  000  000  000  000  000  000  000  000  000  000  000  000  000  000  000  000  000  000  000  000  000  000  000  000  000  110  000  148  000  000  000  000  000  000  000  075  122  000  000  000  000  000  000  000  000  000  000  000  000  000  000  000  000  000  000  000  000  000  000  000  000  000  000  000  000  000  000  
000  000  000  000  000  000  000  000  000  000  000  000  000  000  000  000  000  000  000  000  000  000  000  155  125  000  000  000  078  000  000  000  000  000  000  000  000  000  000  000  000  000  000  000  000  000  000  000  000  000  000  000  253  000  000  000  000  000  000  000  178  000  000  000  000  000  000  000  000  000  000  000  000  000  000  000  000  000  000  000  000  
000  000  000  000  000  000  374  000  000  000  000  000  000  000  000  000  000  000  000  000  000  000  000  000  000  000  000  000  000  000  000  000  235  000  000  000  000  000  000  000  000  119  000  000  000  000  000  000  000  000  000  000  000  000  000  000  000  000  000  000  000  000  000  000  000  000  000  000  000  000  000  000  000  000  000  000  000  000  000  000  000  
000  000  000  000  000  075  000  000  000  000  000  000  000  000  000  000  000  104  166  000  000  000  000  000  000  000  000  000  000  000  000  000  000  000  000  000  000  000  000  113  000  000  000  000  000  000  000  000  000  000  000  000  000  000  000  000  000  000  000  000  000  000  000  000  000  140  000  000  000  000  000  000  000  000  000  000  000  000  000  000  000  
000  000  000  000  000  000  000  000  000  000  000  000  135  000  000  000  000  000  000  000  100  000  000  000  000  000  000  000  000  000  000  000  000  000  000  000  000  000  000  000  000  000  000  000  000  000  150  000  218  000  000  000  000  000  000  086  000  000  000  000  000  000  000  000  000  000  000  000  000  000  000  000  000  000  000  000  000  000  000  000  000  
000  000  000  000  000  000  000  000  000  000  000  000  000  000  000  000  000  000  000  000  000  000  000  000  000  000  000  000  000  189  000  000  000  000  000  000  000  000  000  000  000  000  000  000  000  000  197  000  000  000  000  000  000  000  000  100  000  000  000  000  000  000  000  000  357  000  000  000  000  000  000  000  000  000  000  000  000  000  000  000  000  
000  000  000  000  000  000  000  000  000  000  000  000  000  000  000  000  000  000  000  000  000  000  000  000  000  000  000  000  000  000  000  000  000  000  000  000  183  000  000  000  000  000  000  000  000  000  000  000  000  000  000  000  000  000  000  000  000  000  000  000  000  000  000  000  000  000  087  000  000  000  000  000  000  000  000  000  000  089  000  000  000  
000  000  000  000  000  000  000  116  000  000  000  000  000  000  000  000  000  000  000  000  000  000  000  000  233  000  000  000  000  000  000  000  000  000  000  094  000  000  000  000  000  000  000  000  000  000  000  000  000  000  000  000  000  000  000  000  000  000  000  000  000  000  000  000  000  000  000  000  000  000  000  000  000  000  000  000  000  000  000  000  000  
000  000  000  143  000  000  000  000  000  000  000  000  000  000  000  000  000  000  000  000  000  000  000  000  000  000  000  000  000  000  000  000  000  000  000  140  000  000  000  000  000  000  000  000  000  000  000  000  000  000  000  000  000  000  000  000  000  000  000  000  000  000  000  000  000  000  000  000  000  000  000  000  000  000  000  000  000  000  000  000  000  
000  000  000  000  000  000  000  000  000  000  000  000  000  000  000  069  000  000  000  000  000  000  000  000  000  000  000  000  000  000  000  000  000  000  000  000  000  000  000  000  065  000  000  000  000  000  000  000  000  000  000  000  000  000  000  000  000  000  000  000  000  000  000  000  000  000  000  000  000  000  000  000  000  000  000  000  000  000  000  000  000  
000  000  000  000  000  000  000  000  000  000  000  000  000  134  000  000  000  193  000  000  000  000  000  000  000  000  000  000  000  000  000  000  000  000  000  000  114  000  000  000  000  000  000  000  000  000  000  000  000  000  000  000  000  000  000  000  000  000  000  000  000  000  000  000  000  000  100  000  000  000  000  000  000  089  000  000  000  000  000  000  000  
000  000  000  000  000  000  000  000  000  000  000  000  000  000  000  000  000  000  000  000  000  000  000  000  000  000  064  000  000  000  000  000  000  000  000  000  000  000  000  000  000  000  000  000  000  000  000  000  000  000  000  000  000  000  000  000  000  000  000  000  000  000  000  000  000  000  000  000  000  000  000  000  000  000  000  000  000  000  000  000  000  
087  000  000  000  000  000  000  000  000  000  000  000  000  000  000  000  000  000  000  000  000  000  000  000  000  000  125  000  000  000  129  000  000  000  000  000  000  000  000  000  000  000  000  000  000  105  000  000  000  000  000  000  000  000  000  000  000  000  000  000  000  000  000  000  000  000  000  000  000  000  000  000  000  000  000  000  000  000  000  000  000  
000  000  000  000  000  000  000  000  000  000  000  000  000  045  000  000  000  000  000  000  000  000  000  000  000  000  000  000  000  000  000  000  000  000  000  000  000  000  000  000  000  000  000  000  000  000  000  000  000  000  000  000  000  069  000  000  000  000  000  000  000  000  000  000  000  000  113  000  000  000  000  000  000  000  000  000  000  000  000  000  000  
